SET wavel[nm], REAL wavel[nm], Voltage[V], Ard raw data[0..1023 steps], STEPPER pos, Timetrace [sec]
1600 	716 	9.70406178	-1	4.903923967183607	00000.9516
1650 	818 	4.46386466	-1	4.903923967183607	00002.0728
1700 	366 	2.50707588	-1	4.903923967183607	00003.2007
1600 	1648 	3.39732450	-1	2.3565339326866193	00004.3568
1650 	1269 	5.27927283	-1	2.3565339326866193	00005.5017
1700 	1328 	6.90511169	-1	2.3565339326866193	00006.6157
1600 	1299 	2.81571705	-1	12.328373329944492	00007.7436
1650 	1528 	7.35651095	-1	12.328373329944492	00008.8636
1700 	1573 	5.47410798	-1	12.328373329944492	00009.9876
